15080622715
13007362956
13697778055
18175622370
13066873538
18273650196
15209850633
13918712082
15556031600
13093558391
17730004733
19159290912
17855970720
15856928662
19354946007
18792070970
18110639439
13636518450
13045525510
15856461512
15339601215
18555891523
13063899149
16605325626
18266394598
18617091326
15814494204
18520775378
15050386151
18672999321
13554285141
15051710399
15871705717
17612715028
18673227381
13574002846
18073008568
13786085508
13692172269
18684722171
15274909780
13332500598
15674887693
13278863337
15084760749
18774996761
15917663602
17336571394
18974232231
18973683826
13798797622
15055217180
19159285500
18964194632
15251462664
15874055160
18124079092
18217150316
13143449215
15179457575
18823346963
13715060843
15814048595
18285673945
15907125747
15173098023
13520394469
17267307717
13657309842
18373001582
19960691090
13786014069
18821905926
15616565862
18073043592
17373016967
13739099351
18175976421
15021973376
15580992973
15575806387
15573090373
13548677247
18817029986
18307306971
15116739058
18056425750
18075023870
13701743619
18670363681
17719373049
18221610490
15022105872
13795489632